37107287533902102
46376937677490009
74324986199524741
91942213363574161
23067588207539346
89261670696623633
28112879812849979
44274228917432520
47451445736001306
70386486105843025
62176457141856560
64906352462741904
92575867718337217
58203565325359399
80181199384826282
35398664372827112
86515506006295864
71693888707715466
54370070576826684
53282654108756828
36123272525000296
45876576172410976
17423706905851860
81142660418086830
51934325451728388
62467221648435076
15732444386908125
55037687525678773
18336384825330154
80386287592878490
78182833757993103
16726320100436897
48403098129077791
87086987551392711
59959406895756536
69793950679652694
41052684708299085
65378607361501080
35829035317434717
94953759765105305
88902802571733229
25267680276078003
36270218540497705
24074486908231174
91430288197103288
34413065578016127
23053081172816430
11487696932154902
63783299490636259
67720186971698544
95548255300263520
76085327132285723
37774242535411291
23701913275725675
29798860272258331
18495701454879288
38298203783031473
34829543829199918
40957953066405232
29746152185502371
41698116222072977
62467957194401269
23189706772547915
86188088225875314
11306739708304724
82959174767140363
97623331044818386
42846280183517070
55121603546981200
32238195734329339
75506164965184775
62177842752192623
32924185707147349
99518671430235219
73267460800591547
76841822524674417
97142617910342598
87783646182799346
10848802521674670
71329612474782464
62184073572399794
66627891981488087
60661826293682836
85786944089552990
66024396409905389
64913982680032973
16730939319872750
94809377245048795
78639167021187492
15368713711936614
40789923115535562
44889911501440648
41503128880339536
81234880673210146
82616570773948327
22918802058777319
77158542502016545
72107838435069186
20849603980134001
53503534226472524